107152
111766
111767
111768
111770
111771
111772
111798
111799
111800
111811
111812
111814
111815
111828
111838
111841
111843
111851
111858
111859
111860
111861
111862
111863
111864
111865
111866
111867
111868
111869
111870
111876
111877
111880
111884
111885
111886
111887
111888
111889
111890
111891
111892
111894
111895
111898
111899
111900
111901
111902
111903
111904
111907
111917
111918
111922
111927
111928
111929
111930
111934
111942
111943
111955
111956
111957
111958
111965
111982
111985
111992
111995
112014
112015
112025
112027
112028
112032
112033
112034
112035
112037
112051
112052
112058
112059
112060
112061
112063
112064
112065
112066
112067
112068
112144
112145
112155
112228
112229
112307
112328
112329
112332
112343
112353
112354
112375
112376
112391
112392
112397
112399
112452
112696
112697
112698
112701
112728
112729
112730
112731
112732
112735
112748
112757
112815
112830
112832
112885
112890
112904
112905
112913
112916
112917
112922
113106
113110
113115
113118
113119
113234
113250
113269
113271
113272
113318
113480
113485
113486
113487
113488
113490
113491
113492
113493
113499
113500
113511
113513
113514
113623
113624
113625
113696
113698
113702
113703
113704
113716
113717
113736
113740
113741
113794
113838
113842
113879
113930
113975
113978
113981
113982
113983
113985
113986
113987
113988
114031
114040
114041
114042
114048
114049
114055
114056
114057
114058
114059
114067
114126
114313
114386
114415
114416
114417
114418
114422
114424
114449
114488
114520
114525
114526
114531
114532
114539
114555
114556
114568
114613
114614
114615
114639
114640
114696
114802
114804
114805
114806
114812
114815
114816
114817
114929
114939
114941
114942
114943
114944
114946
114948
114959
114969
114971
115205
115209
115211
115212
115234
115270
115275
115285
115293
115298
115489
115490
115491
115492
115493
115513
115519
115523
115524
115525
115530
115531
115532
115533
115538
115597
115598
115599
115600
115602
115603
115607
115609
115614
115615
115616
115617
115791
115795
115796
115797
115798
115807
115814
115818
115849
115850
115858
115859
115861
115872
116116
116386
116404
116445
116487
116491
116520
116590
116701
116702
116848
116849
116865
116872
116905
116926
116927
116928
116929
116933
117196
117481
117482
117483
117484
117486
117510
117515
117564
117793
117822
117838
117919
117954
119643
119650
119652
119653
119654
119657
119658
119659
119669
119802
119807
121169
121393
121413
121537
121538
122849
122893
123154
123155
123156
124106
124932
124986
124993
124994
125114
125748
125752
125753
125755
125937
126153
126162
126163
126171
126173
126175
126182
126513
126514
126515
126521
126522
126523
126570
126781
126783
126798
126803
126804
126922
126966
126969
127017
127211
127212
127228
127230
127259
127296
127330
127457
127654
127655
127903
128204
128211
128212
128446
128600
128631
128640
128757
128958
128960
128971
129249
129252
129253
129254
129255
129256
129260
129261
129263
129264
129266
129268
129272
129274
129293
129294
129295
129297
129303
129426
129823
129824
129825
129868
130183
130192
130194
130195
130212
130218
130219
130360
130406
130407
130408
130409
130410
130411
130412
130413
130415
130417
130418
130434
130436
130617
130859
130866
130883
130935
130982
131322
132535
132579
132600
132601
132629
132679
133573
133601
133602
133603
133605
133607
133612
133648
133696
133701
133710
133717
133732
133739
133746
133752
133824
