100035
100037
100083
100139
100140
100141
100142
100143
100144
100173
100174
100731
100732
100733
100734
100735
100737
100738
100864
100972
100973
100974
100975
100976
100978
100979
100980
100990
101090
101187
101294
101297
101298
101301
101302
101347
101483
101486
101487
101885
102061
102093
102100
102218
102219
102345
102399
102402
102562
102570
102575
102576
102578
102608
102609
102682
102683
102684
102686
102687
102688
102692
102723
102743
102748
103077
103116
104263
104268
104281
104282
104510
104520
104549
104561
104609
104641
105177
105178
105183
105315
105987
106039
106050
106053
106055
106067
106204
106205
106299
106301
106339
106340
106341
106375
106383
106384
106387
106388
106440
106452
106453
106502
106637
106726
107267
107268
107535
107604
107792
107793
107794
107818
107844
107849
107928
107933
107934
108039
108373
108375
108379
108428
108436
108449
108450
108452
108453
108462
108463
108464
108477
108571
108634
108702
108710
108719
108937
109402
109446
109461
109482
109493
109557
109590
109631
109687
109690
109771
110227
110228
110275
110283
110607
110610
110611
110618
110619
110631
110635
110638
110805
111678
113008
113009
113010
113011
113012
113013
113014
113138
113147
113148
113149
113197
113200
113313
113314
113658
113664
113823
113845
113856
113902
113922
113934
113938
113970
115132
116167
116173
116174
116176
116177
116179
116180
116181
116182
116183
116184
116185
116186
116187
116188
116189
116190
116200
116217
116218
116219
116220
116222
116224
116225
116256
116259
116260
116261
116262
116268
116269
117254
117255
117616
117690
117691
118693
118694
118695
119610
119611
119612
119613
119614
119615
119616
119617
119618
119619
119629
119631
119632
119634
120172
120778
121044
121045
121046
121158
123102
123103
123104
123105
123106
123107
123108
123109
123110
123216
123320
123373
124781
124782
124783
124784
124785
124786
124787
125002
125006
126082
126140
127862
127863
127864
127865
127866
127867
127868
127869
127870
129305
129332
129339
130503
130515
130574
131089
131285
131328
131329
131507
131579
131580
131581
133163
133164
133165
133166
133247
133304
133475
133712
133718
51358
51361
51362
51363
51364
51365
51374
51375
51376
51382
51473
52467
53834
53966
55155
56348
56704
57173
57649
58181
58182
58183
58185
58186
58282
58311
58312
58313
58315
58317
58370
59594
59604
59605
59618
59621
59645
59988
59990
60255
61256
61257
61258
61259
61841
61847
61981
61985
61986
63183
63184
63187
63188
64923
65357
65362
65363
65364
65365
66653
67130
68201
68212
68213
68214
68215
68216
68341
68604
68746
68767
68775
68802
68820
68838
70003
70552
70589
70590
70786
70855
70860
71127
71128
71129
71130
71746
71748
72339
72340
72400
72437
72441
72442
72443
72444
72445
72448
72449
72450
72451
72452
72453
73184
73231
73242
73246
73255
73283
73289
73291
73440
73818
73834
74664
74736
74737
74738
74739
74741
74778
74782
74801
74802
74805
74815
74821
74834
75012
75290
75291
75294
75295
75296
75329
75354
75357
75382
75455
75514
75520
75606
75610
75611
75612
75613
75614
75655
75656
75683
75764
75765
75766
75767
75768
75769
75770
75772
75801
75933
76135
76136
76137
76138
76139
76140
76141
76142
76143
76144
76145
76146
76147
76148
76149
76150
76151
76257
76266
76267
76284
76286
76287
76288
76289
76290
76291
76292
76294
76295
76301
76302
76303
76304
76305
76318
76319
76320
76321
76322
76323
76324
76325
76326
76327
76328
76329
76330
76331
76333
76334
76346
76373
76375
76376
76377
76379
76380
76397
76589
76866
77496
77498
77686
77687
77688
77689
77690
77691
77692
77693
77694
77695
77696
77703
77784
77787
77788
77789
77791
77840
77842
77845
77847
77848
77849
77850
78097
78098
78099
78100
78101
78102
78103
78109
78112
78125
78126
78127
78128
78129
78130
78131
78132
78133
78134
78135
78136
78166
78167
78174
78176
78177
78178
78180
78181
78182
78183
78184
78277
78284
78480
78481
78482
78493
78494
78495
78496
78497
78498
78499
78500
78501
78502
78503
78504
78537
78538
78544
78545
78553
78564
78566
78567
78568
78569
78570
78571
78579
78580
78583
78584
78585
78586
78587
78590
78604
78607
78613
78614
78615
78617
78763
79083
79085
79530
79545
79548
79550
79551
79552
79567
79696
80314
80315
80320
80580
81376
81378
81379
81717
81771
81772
81824
81867
82136
82137
82763
84448
85128
85203
85204
85216
85461
85565
85567
85568
85569
85571
85572
85579
85633
85831
85832
85833
85834
85835
85986
86086
86291
86402
86639
86641
86642
86643
86644
86645
86646
86647
86648
86649
86650
86651
86653
86654
86655
86656
86657
86891
86892
86893
86901
87105
87396
87485
87490
87491
87492
87493
87494
87495
87564
87608
87659
88015
88786
88833
88836
88838
88842
88843
89010
89011
89251
89644
89808
89809
89820
89821
89824
89825
89826
89827
89828
89829
89830
89936
90443
90493
91378
91379
92036
92044
92045
92046
92047
92059
92060
92062
92074
92075
92076
92091
92092
92093
92094
92098
92100
92101
92455
92736
92737
92738
92739
92741
92742
92743
92744
92745
92746
92747
92751
92752
92775
92777
92778
92779
92812
92813
92992
93030
93031
93336
93341
93342
93343
93346
93347
93349
93350
93351
93352
93353
93642
93937
93942
93943
93948
94004
94028
94041
94043
94044
94051
94052
94139
94140
94141
94142
94144
94634
94639
94642
94646
94650
94694
94699
94701
94703
94704
94705
94706
94707
94722
94883
94885
94888
94889
94891
94894
94896
94907
94913
94920
94973
95140
95500
95532
95599
95600
95624
95800
95801
95802
95803
95804
95805
95959
96507
97173
97174
97175
97176
97177
97178
97179
97180
97181
97182
97545
97626
97630
97631
97634
97635
97640
97660
97713
97714
97739
97832
98158
98159
98160
98162
98164
98166
98378
98379
98380
98381
98382
98386
98387
98392
98400
98404
98436
98437
98438
98557
98563
98564
98565
98572
98589
98640
98834
98844
98845
98881
99270
99271
99273
99275
99276
99277
99278
99279
99280
99281
99282
99283
99284
99285
99286
99287
99288
99289
99290
99291
99292
99293
99294
99341
99353
99357
99396
99401
99402
99403
99404
99405
99841
99851
