100086
100134
100136
100137
100138
100765
100766
100769
100937
100957
100965
100967
100977
100986
101009
101010
101011
101012
101044
101045
101048
101049
101091
101100
101162
102214
102215
102216
102217
102249
102250
102270
102271
102278
102281
102283
102284
102286
102288
102290
102294
102295
102297
102298
102299
102300
102341
102342
102346
102347
102348
102349
102353
102354
102355
102356
102357
102358
102359
102360
102361
102362
102363
102364
102365
102366
102367
102368
102369
102370
102371
102372
102373
102374
102375
102376
102377
102378
102379
102380
102381
102528
102593
102680
102753
102765
102777
102778
102779
102780
102781
102782
102784
102785
102790
102791
102796
102797
102800
102801
102802
102804
102805
102806
102807
102808
102809
102812
102813
102814
102815
102820
102821
102822
102823
102824
102825
102831
102832
102833
102834
102835
102840
102842
102843
102846
102849
102850
102853
102904
102915
102916
102917
102920
102922
102923
102924
102925
102928
102937
102958
102959
102989
103042
103043
103044
103091
103096
103108
103109
103110
103155
103156
103160
103161
103175
103177
103178
103506
103509
103512
103513
103520
103738
103823
103825
103831
104513
104514
104515
104516
104517
104607
104608
104952
104972
104973
104974
104975
104976
104977
104978
104979
104980
104981
104982
104983
104984
104985
104986
104987
104988
104989
104990
104991
104992
105054
105059
105061
105092
105104
105106
105110
105272
105656
105659
105660
105662
105663
105665
105722
106003
106004
106005
106006
106007
106008
106009
106010
106011
106012
106013
106014
106015
106016
106017
106018
106028
106040
106056
106084
106120
106121
106122
106124
106142
106358
106359
106365
106367
106536
106598
106600
106625
106629
107219
107220
107221
107222
107223
107224
107225
107226
107227
107228
107229
107230
107231
107232
107233
107236
107237
107238
107239
107240
107241
107242
107243
107244
107245
107246
107247
107248
107249
107250
107251
107252
107253
107254
107255
107256
107257
107258
107259
107260
107261
107262
107263
107274
107275
107276
107277
107278
107279
107280
107281
107293
107294
107295
107296
107572
107610
107789
107795
107801
107802
107803
107804
107805
107806
107807
107808
107809
107810
107811
107812
107813
107814
107815
107816
107817
107848
107915
108023
108024
108025
108026
108027
108028
108029
108030
108031
108033
108034
108036
108037
108038
108178
108195
108257
108259
108260
108262
108380
108388
108390
108391
108397
108569
108570
108686
109368
109375
109384
109405
109411
109615
109616
109617
109618
109619
109620
109621
109622
109623
109637
109638
109731
109737
109738
109740
109741
109743
109754
109828
109829
109830
109832
109833
109834
109839
109846
109851
109854
109859
109864
110218
110361
110362
110363
110364
110368
110369
110398
110429
110497
110670
111452
111570
111571
111572
111573
111576
111584
111585
111597
111601
111662
112086
112088
112089
112143
112209
112626
112771
112973
113002
113107
113302
113303
113304
113305
113306
113307
113308
113309
113310
113311
113325
113326
113327
113328
113329
113330
113331
113332
113333
113334
113335
113337
113339
113340
113341
113342
113343
113344
113346
113347
113348
113349
113350
113351
113352
113353
113354
113355
113356
113357
113358
113359
113360
113361
113362
113363
113364
113365
113366
113367
113368
113369
113370
113371
113372
113374
113376
113378
113379
113380
113381
113465
113466
113479
113631
113632
113633
113634
113635
113636
113637
113638
113651
113652
113653
113654
113655
113656
113657
113659
113670
113672
113673
113733
113742
113743
113744
113745
113746
113747
113748
113749
113751
113752
113753
113754
113755
113756
113757
113758
113759
113760
113761
113762
113763
113764
113984
114076
114088
114090
114091
114092
114093
114095
114100
114111
114855
114860
114868
114888
115902
116161
116162
116172
116208
116226
116227
116235
116241
116270
116305
116306
116308
116309
116312
116313
116319
116320
116332
116486
117746
117747
117748
117749
117750
117751
117752
117753
117754
117755
117756
117757
117758
117759
117760
117761
117762
117764
117794
117817
118635
118648
118649
118651
118653
118655
118659
118660
118661
118940
118943
118944
119291
119308
119340
119341
119342
119343
119402
119434
119449
119716
119717
119718
119719
119720
119721
119722
119723
119724
119725
119756
119806
119839
119907
119912
119945
119948
120193
120479
120480
120481
120482
120483
120484
120485
120486
120494
120513
120539
120546
120549
120569
120578
120580
120581
120582
120584
120585
120586
120588
120601
120647
120648
120695
120696
120697
120699
120860
120864
120995
120996
120997
120998
120999
121000
121001
121002
121003
121004
121005
121006
121043
121080
121097
121181
121458
121461
121476
121477
121523
121529
121533
121545
122162
122163
122164
122165
122166
122167
122168
122169
122170
122180
122207
122257
122316
122349
122358
122361
122362
122368
122382
122404
122408
122409
122620
124255
124256
124257
124258
124259
124260
124261
124728
125003
125007
126113
126114
126115
126116
126117
126510
129527
129542
129543
129785
129815
129821
129826
129836
129838
129843
129844
129845
129846
129847
129848
130520
131457
131458
131459
131460
131462
131477
133151
133152
133153
133154
133155
133156
133157
133158
133159
133160
133249
133454
133499
133587
133589
133600
76807
78093
80319
80829
80837
81359
81410
81482
81718
81828
81869
81931
81932
84446
85428
85430
85432
85680
85683
85684
85694
86273
86471
86636
86682
86698
86702
86704
86740
86827
86928
86929
86930
86931
86932
86933
86934
86938
86945
87126
87560
87563
87567
87568
87573
87574
87603
87617
87628
87650
87651
87663
87664
87665
87666
87667
87668
87671
87672
87692
87693
87734
87735
87742
87744
87745
87746
87747
87748
87749
87750
87781
87941
87954
87955
87956
87957
87958
87967
87969
87970
87973
87974
87975
87981
88038
88039
88040
88041
88042
88043
88044
88045
88046
88047
88052
88053
88054
88055
88056
88057
88058
88120
88126
88129
88130
88131
88135
88143
88144
88145
88148
88151
88152
88154
88163
88167
88180
88181
88223
88785
88789
88790
88791
88802
88807
88808
89009
89108
89214
89246
89247
89248
89249
89250
89301
89352
89353
89647
89648
89649
89650
89651
89680
89800
89801
89802
89803
89804
89805
89806
89807
89858
89866
89878
89935
89974
89975
90473
91139
91381
91382
91574
91834
91839
91840
92033
92468
92718
92719
92720
92722
92723
92724
92781
92786
92788
92795
92810
92848
92869
92871
92876
92877
92886
92890
92893
92905
92907
92909
92910
92913
92914
92916
92917
92918
92919
92920
92921
92922
92923
92924
92927
92932
92933
92943
92946
92987
92991
93000
93001
93002
93003
93004
93005
93006
93017
93018
93021
93026
93027
93028
93029
93337
93339
93345
93363
93364
93365
93366
93368
93369
93378
93379
93639
93927
94068
94069
94070
94071
94072
94073
94074
94075
94076
94077
94078
94079
94080
94081
94082
94083
94084
94085
94086
94150
94190
94191
94199
94212
94213
94269
94451
94453
94454
94500
94501
94502
94586
94587
94596
94854
94881
94882
94884
94897
94898
94899
94900
94901
94904
94908
94909
94910
94911
94912
94914
94915
94916
94957
95025
95089
95103
95111
95260
95261
95262
95263
95278
95281
95384
95404
95412
95414
95415
95416
95417
95418
95419
95420
95421
95422
95423
95424
95425
95426
95427
95428
95429
95430
95431
95432
95433
95434
95435
95436
95437
95438
95439
95440
95441
95442
95443
95486
95506
95507
95508
95509
95515
95516
95517
95519
95520
95521
95528
95547
95622
95630
95797
95798
95799
95858
95968
95969
95970
95971
96006
96012
96038
96039
96116
96518
96519
96699
96700
96701
96717
96904
96919
96920
97047
97050
97051
97052
97053
97054
97055
97056
97057
97058
97059
97060
97061
97062
97063
97064
97065
97066
97067
97068
97069
97070
97071
97072
97073
97075
97076
97077
97080
97082
97083
97084
97085
97086
97088
97089
97090
97091
97093
97094
97095
97096
97097
97098
97102
97103
97104
97281
97292
97293
97295
97296
97326
97327
97328
97387
97400
97402
97449
97451
97755
97757
97812
97814
97815
97816
97819
97820
97821
97823
97886
98169
98170
98216
98217
98218
98221
98225
98226
98301
98302
98303
98304
98312
98313
98314
98315
98352
98364
98365
98366
98367
98369
98374
98376
98388
98396
98397
98403
98406
98422
98470
98471
98472
98473
98476
98485
98486
98488
98489
98490
98491
98492
98494
98495
98496
98503
98555
98593
99295
99472
99511
99512
99840
