107172
107309
108225
108226
108228
116230
116236
116240
116274
116281
120214
124243
124244
124245
124246
124247
124248
124249
124250
124251
124280
124284
124310
124323
124461
124462
124547
124549
124555
124557
124599
124600
124730
124764
124766
124970
124972
124973
124974
124975
124976
125021
125115
125116
125117
125118
125119
125125
125158
125172
125181
125203
126052
126053
126054
126055
126056
126057
126058
126059
126061
126062
126063
126064
126065
126066
126067
126118
126135
126194
126544
126545
129702
129705
129706
129708
129716
129717
129718
129719
129720
129721
129722
129809
129811
129820
130460
130527
130831
131211
131212
131214
131222
131226
131227
131228
131230
131260
131308
131314
131317
131320
131321
131378
131536
131537
131583
131589
131590
131598
131601
133169
133170
133171
133172
133173
133174
133175
133248
133449
133450
133451
133452
133453
133526
133620
133642
133643
133644
133645
133646
133708
