100763
101029
101030
101148
101151
101156
101157
101159
101190
101191
101197
101198
101199
101200
101202
101204
101207
101208
101209
101212
101214
101216
101231
101535
101536
101537
101538
101539
101540
101614
101617
101619
101620
101622
101623
101624
101625
101626
101627
101629
101633
101635
101636
101637
101638
101640
101738
101739
101740
101741
101742
101743
101744
101745
101746
101747
101748
101749
101750
101751
101752
101753
101754
101755
101756
101757
101758
101759
101760
101761
101762
101763
101764
101765
101766
101767
101769
101771
101772
101774
101776
101778
101779
101780
101781
101782
101783
101786
101789
101790
101792
101793
101796
101797
101799
101848
101849
101850
101851
101852
101854
101855
101856
101857
101868
101869
101879
101897
101898
101902
101903
101907
101908
101909
101910
101913
101914
101921
101923
101934
101935
101944
101945
101946
101947
101950
101951
101953
101955
101958
101959
101961
101963
101964
101965
101966
101968
101969
101970
101971
101972
101973
101974
101975
101978
101979
101981
102406
102407
102408
102409
102412
102431
102432
102433
102434
102435
102436
102437
102438
102439
102441
102442
102443
102446
102447
102448
102450
102467
102469
102470
102471
102476
102482
102484
102485
102486
102487
102488
102489
102497
102507
102508
102509
102510
102511
102513
102515
102518
102520
102522
102524
102525
102526
102532
102538
102541
102542
102548
102549
102550
102551
102552
102554
102560
102648
102696
102697
102698
102700
102701
102702
102703
102704
102705
102711
102716
102720
102721
102724
102725
102728
102732
104472
104479
104480
104488
104489
104491
104493
104494
104495
104511
105684
105685
105686
105694
106022
106391
106393
106394
106406
106410
106411
106672
107298
107740
107741
107744
107745
107747
107837
107843
107847
108068
108069
108166
108167
108168
108173
108175
108176
108182
108183
108190
108193
108203
108204
108205
108206
108207
108208
108209
108210
108211
108212
108214
108221
108222
108223
108252
108268
108292
109505
109507
109541
109542
109566
109567
109570
113383
113384
113385
113386
113387
113388
113389
113393
113397
113398
113401
113403
113405
113406
113407
113408
113409
113410
113411
113412
113413
113416
113419
113420
113422
113423
113425
113426
113427
113428
113429
113430
113431
113433
113434
113436
113437
113438
113439
113440
113441
113442
113443
113444
113445
113446
113447
113448
113449
113450
113451
113452
113453
113454
113455
113458
113459
113519
113520
114164
114166
114180
114183
114227
114228
114231
114233
114234
114236
114237
114240
114258
114260
114268
115928
115957
115958
115959
115960
115961
115962
115963
115970
116314
116315
116364
117250
117414
117542
117545
117547
117548
117554
117555
117557
118514
118866
118867
118929
118930
118931
119333
119335
119336
119412
119492
119935
119938
119940
120091
120092
120093
120199
120291
120324
120325
120635
120665
120666
120667
121041
121063
122033
122052
122053
122054
122710
123025
123441
123488
123507
123526
123585
123664
123672
123673
123674
123676
123680
123681
123682
123683
123684
123685
123686
123688
123689
123690
123692
123693
123694
123695
123696
123697
123698
123699
123705
123707
123709
123710
123711
123712
123713
123714
123715
123716
123717
123718
123719
123720
123721
123722
123723
123724
123725
123727
123728
123729
123731
123733
123735
123738
123740
123741
123743
123749
123750
123761
123762
123763
123764
123765
123766
123767
123768
123769
123770
123771
123772
123773
123774
123775
123950
123957
124037
124552
124553
124554
124556
124559
124560
124561
124562
124564
124565
124566
124567
124568
124569
124570
124571
124573
124575
124576
124578
124580
124581
124582
124583
124584
124585
124587
124589
124590
124591
124592
124593
124594
124596
124598
124601
125799
125800
125801
125802
125812
125814
125815
125817
125820
125821
125876
125877
125878
125879
125880
125881
125882
125883
125884
125889
127378
127379
127380
127385
127386
127497
127506
127507
127508
127511
127512
127514
127751
129410
129411
129412
129416
129417
130516
130533
130541
130673
131097
131098
131099
131100
131102
131429
131450
131493
131494
131623
132425
133371
133372
133373
133374
133375
133376
133377
133378
133379
133380
133381
133382
133383
133384
133385
133386
133387
133388
133389
133390
133574
133635
133636
133637
133639
25060
25065
25066
25067
25077
25082
25084
25086
25088
25089
25090
25091
25093
25096
25098
25100
25103
25106
25112
25113
25115
25116
25117
25126
25129
25130
25131
25135
25139
25140
25157
25160
25168
25169
25174
25177
25179
25182
25184
25186
25187
25192
25194
25196
25198
25201
25203
25204
25205
25207
25209
25214
25217
25219
25220
25226
25228
25231
25239
25242
25246
25247
25248
25249
25253
25255
25268
25269
25270
25272
25273
25275
25276
25277
25278
25279
25280
25284
25285
25286
25290
25291
25293
25294
25296
25301
25302
25305
25309
25320
25322
25324
25325
25326
25327
25372
28709
28712
28715
28745
33547
33553
33893
36584
36585
36586
36588
36605
36611
36612
37999
38000
38003
38005
38006
38013
38014
38016
38017
38018
38032
38047
38050
38051
38053
38055
38056
38058
38059
38062
38063
38064
38075
38076
38078
38085
38088
38108
38113
38132
38134
38135
38137
38139
38166
38186
38188
38189
39379
40123
40132
40133
40149
40156
40157
40158
40159
40162
40207
40214
41048
46485
46519
46520
46522
46523
46722
46728
46746
46750
46753
46754
46758
46763
46773
46775
46777
46780
46788
46792
46795
46799
46805
46829
46831
46848
46850
46889
46914
46928
46933
46939
49888
50598
50623
50778
50779
50781
50782
50783
55791
55792
55793
55794
55797
55798
55814
55817
55826
56354
57526
57527
57528
57536
57604
57606
57609
58307
60036
61013
61014
61015
63911
63912
65348
65349
65375
65383
65384
65386
65387
65388
65389
65390
65500
65590
65598
65813
65822
65825
65826
65827
65830
65832
65833
65834
65836
65837
65840
65843
65844
65845
66054
66059
66750
67679
67680
67681
67912
67914
67915
67916
67917
68197
68340
68805
68806
68807
68828
68829
68884
68885
68887
70141
70142
70147
70148
70149
70156
70760
70761
70762
70834
70837
70838
70841
70844
70846
70848
70849
70850
70856
70857
70930
71126
71634
71635
72602
73454
73456
73806
74098
74137
74138
74144
74145
74150
74151
75278
75279
75383
75636
75654
75809
80316
80317
81514
81515
81516
81517
81518
81519
81522
81525
81526
81527
81528
81529
81530
81531
81535
81536
81537
81538
81539
81540
81541
81542
81543
81544
81545
81546
81547
81548
81549
81551
81552
81553
81554
81555
81556
81557
81558
81560
81561
81563
81564
81565
81566
81567
81568
81569
81570
81571
81593
81594
81595
81596
81597
81598
81599
81602
81604
81606
81609
81611
81612
81613
81614
81615
81616
81619
81621
81622
81623
81624
81625
81626
81627
81628
81629
81631
81632
81633
81636
81637
81641
81642
81643
81645
81646
81647
81648
81650
81652
81653
81655
81668
81680
81720
81721
82542
82545
82628
82959
82960
82961
82965
82967
82968
82969
82970
82971
82973
82974
82975
82976
82977
82978
82979
82980
82981
82982
82983
83198
83204
83205
83206
83223
83257
84289
84290
84291
84292
84293
84294
84295
84296
84297
84298
84299
84300
84455
84456
84457
84458
84459
85433
85618
85619
85620
86822
86823
86951
86953
86954
86955
86976
86977
86982
86983
86984
86985
86993
86994
86995
86996
86997
86998
86999
87020
87389
87397
87398
87582
87660
88429
88430
88431
88432
88439
88440
88443
88456
88469
88470
88471
88473
88474
88475
88476
88477
88478
88479
88480
88481
88482
88483
88484
88485
88488
88489
88490
88491
88495
88578
88579
88580
88581
88583
88990
89279
89281
89289
89291
89293
89294
89832
89834
89835
89927
89928
90457
90458
90463
90941
90942
90943
90945
90951
90952
90955
90956
90959
90960
90962
90963
91248
91386
91565
91571
91712
91713
91720
91723
91900
91901
91902
91903
91904
91905
91915
91916
91917
91918
91919
91920
91921
91947
91948
91949
91950
91951
91972
92004
92026
92029
92031
92089
92154
92158
92159
92168
92198
92200
92207
92208
92209
92210
92212
92214
92347
92348
92349
92355
92356
92768
92769
92770
93370
93423
93624
93625
93627
93628
93634
93635
93638
93946
93947
93949
93951
93952
94609
95275
95378
95379
95411
95452
95453
95455
95456
95457
95459
95510
95523
95524
95525
95526
95527
95596
96520
96521
96527
96530
96532
96533
96534
96535
96536
96543
96544
96545
96546
96547
96548
96549
96550
96551
96554
96887
96925
97547
97598
97600
97602
97603
97604
97620
97621
98552
98553
98937
99196
99384
99385
99386
99406
99407
99408
99426
99427
99428
99430
