100084
100175
100183
100184
100185
100305
100311
100312
100314
100315
100316
101088
101361
101362
102221
102222
102225
102226
102227
102228
102229
102230
102231
102232
102233
102234
102235
102236
102237
102238
102239
102240
102241
102242
102243
102245
102268
102269
102273
102280
102287
102291
102293
102316
102321
102337
102338
102340
102343
102385
102386
102387
102527
102786
102789
102792
102976
102977
102978
102979
102980
103010
103115
103117
103118
103119
103120
103121
103122
103128
103129
103132
103133
103134
103136
103137
103138
103139
103140
103141
103142
103143
103150
103187
103188
103189
103190
103191
103300
103301
103302
103303
103304
103305
103307
103308
103309
103310
103311
103312
103313
103314
103315
103321
103322
103323
103327
103328
103329
103330
103331
103342
103346
103349
103352
103353
103354
103356
103357
103363
103364
103370
103371
103373
103374
103376
103377
103378
103379
103380
103382
103387
103392
103396
103397
103443
103444
103507
103508
103528
103529
103530
103546
103548
103549
103550
103551
103555
103556
103557
103558
103559
103560
103561
103562
103563
103564
103565
103567
103631
103632
103633
103634
103635
103650
103651
103652
103666
103673
103682
103683
103684
103685
103686
103687
103688
103689
103690
103692
103693
103695
103696
103697
103704
103735
103749
103750
103751
103753
103754
103858
103859
103860
103861
103862
103863
103864
103865
103866
103867
103868
103869
103870
103874
103878
103879
103880
103881
103882
103883
103887
103888
103891
103892
103895
103896
103897
103898
103899
103901
103902
103903
103904
103905
103906
103975
103976
104072
104073
104074
104075
104076
104077
104082
104083
104084
104085
104088
104089
104091
104141
104149
104150
104151
104156
104157
104159
104162
104163
104182
104194
104196
104197
104198
104199
104200
104201
104207
104208
104209
104211
104212
104214
104216
104217
104219
104220
104227
104228
104229
104230
104233
104234
104236
104240
104241
104252
104253
104254
104255
104256
104257
104261
104264
104267
104287
104451
104519
104599
104605
104624
104625
104634
104650
104704
104705
104718
104723
104724
104768
104769
104778
104779
105114
105274
105305
105320
105511
105512
105672
105981
106020
106073
106085
106144
106350
106351
106352
106353
106356
106561
106675
106676
106677
106699
106723
106787
106821
106894
106920
106931
106932
106933
106936
106938
106939
106940
106942
106944
106946
106947
106957
106958
106963
107033
107037
107093
107124
107271
107272
107376
107820
107821
107850
107876
107880
107881
107882
107883
107884
107885
107930
107932
107937
107994
107995
108050
108080
108093
108096
108177
108361
108363
108366
108367
108368
108369
108370
108371
108378
108383
108392
108542
108572
108573
108574
108580
108581
108582
108583
108584
108585
108586
108587
108588
108589
108590
108643
108691
109143
109403
109404
109650
109654
109655
109656
109658
109720
109721
109722
109723
109724
109726
109727
109728
109729
109747
110005
110125
110544
110578
110579
110582
110589
110592
110594
110598
110601
110616
110629
110637
110649
110666
110668
110767
110825
110835
110841
110842
111590
111593
111594
111595
111708
112529
112530
112531
112532
112533
112534
112535
112536
112537
112538
112543
112699
112733
112734
112736
112738
113421
113467
113468
113825
113852
113866
113892
113942
113971
113973
113977
113979
113980
114362
114414
116206
116215
116463
116484
118707
118708
118933
120787
120861
121028
121040
121047
121178
123053
123055
123056
123057
123058
123059
123060
123061
123062
123063
123064
123065
123066
123067
123068
123069
123070
123071
123072
123073
123074
123075
123076
123077
123078
123087
123088
123089
123090
123091
123092
123093
123094
123095
123096
123097
123098
123099
123100
123101
123148
123151
124262
124264
124407
124408
124409
124412
124413
124414
124418
124419
124421
125415
125443
125444
125467
126127
126129
126130
126131
126132
126133
126134
126137
126138
126139
126143
126594
126614
126615
126616
126643
126644
126645
126725
126735
126755
126756
126761
126762
126763
126764
126765
126766
126775
126776
126832
126833
126836
126837
126870
129620
129621
129624
129634
129637
129638
129643
129644
129645
129666
129667
129669
129670
129687
129689
129696
129697
129698
129950
129951
129959
129967
129968
130523
130879
130880
130881
130891
131032
131487
131488
131523
131524
131525
131526
131527
131528
131701
131703
131704
131705
131706
131707
131708
131709
131710
131711
131712
131713
131714
131715
131716
131722
131727
131730
131734
131735
131738
131748
131749
131750
131751
131754
131755
131756
131757
131758
131759
131760
131761
131762
131763
131764
131765
131766
131767
131768
131795
131804
131805
131806
131807
131808
131809
131810
131811
131812
131814
131815
131819
131820
131823
131824
131825
131838
131839
131840
131843
131845
131846
131847
131849
131850
131851
131852
131853
131854
131855
131856
131857
131858
131859
131962
131966
131991
131993
132426
132428
132457
132458
132459
132460
132462
132463
132464
132482
132498
132499
132501
132505
132536
132997
132998
132999
133000
133001
133002
133003
133004
133005
133006
133007
133008
133009
133010
133011
133012
133013
133014
133015
133130
133443
133444
133790
133807
40586
40587
40588
40589
40590
40591
40592
40963
40965
40967
41716
41717
41718
41719
41722
41723
42044
42045
42046
42047
42048
42049
42050
42051
42052
42053
42054
42055
42056
42057
42058
42062
42066
42067
42069
42075
42082
42085
42092
42101
42102
42104
42106
42108
42110
42112
42113
42114
42115
42116
42118
42120
42129
42132
42133
42134
42135
42136
42137
42138
42151
42156
42168
42180
43040
43041
43042
43043
43045
43047
43374
43379
43381
43384
43386
43394
43428
43429
43947
43948
43960
43964
43982
44058
44769
44775
44779
44790
44805
44813
44825
44828
46509
46551
46564
46711
46712
46731
46733
46740
46742
46744
46814
46817
46819
46821
46823
46828
46832
46836
46837
46871
46885
46949
47015
47886
47888
47926
47957
47958
47960
47961
47962
47963
47964
47965
47966
47967
47968
47969
47970
47972
47973
47979
47981
48204
48306
48311
48313
49679
49680
49681
49683
49685
49691
49695
49696
49697
49698
50144
50209
50210
50223
50225
50313
50314
50318
50404
50406
50407
50408
50415
50417
50420
50423
50424
50425
50426
50427
50428
50429
50430
50431
50432
50433
50434
50435
50439
50479
50480
50481
50482
50483
50484
50527
50528
50857
50875
50876
50877
50878
50880
50881
50882
50883
50884
50885
50962
50965
50972
50979
50980
50993
50995
50998
50999
51002
51003
51004
51005
51007
51009
51012
51013
51014
51015
51016
51017
51018
51019
51022
51023
51026
51030
51031
51032
51034
51035
51036
51037
51038
51039
51042
51043
51053
51054
51055
51056
51060
51061
51062
51063
51064
51073
51103
51116
51117
51128
51138
51140
51146
51147
51232
51250
51252
51254
51264
51265
51267
51268
51404
51414
51415
51515
51521
51522
51524
51525
51700
51702
51733
51734
51739
51741
52107
52113
52118
52162
52164
52168
52169
52691
52912
52913
53035
53813
53814
53816
53817
53818
53819
53820
53821
53822
53823
53824
53825
53826
53827
53831
53861
53862
54489
54491
54492
55275
55729
55730
55917
56136
56287
56296
56400
56429
56430
56431
56703
56707
56709
56794
57170
57171
57181
57182
57194
57196
57198
57199
57201
57389
57390
57393
57396
57906
57909
58131
58171
58228
58232
58234
58236
58237
58280
58281
58283
58319
58322
58329
58362
58363
58493
58494
58496
59589
59590
59593
59597
59607
59608
59609
59610
59624
59667
59921
59922
59923
59924
59925
60016
60256
60480
60611
60612
60617
60619
60949
60951
61237
61239
61794
61840
61844
61845
61860
61871
61872
61943
61973
61978
61980
63103
63109
63110
63111
63112
63113
63114
63116
63192
63261
63280
63285
63720
63737
64610
64943
65350
65394
65413
65482
65697
65760
65852
65853
65854
65855
65857
65858
65861
65862
65863
65864
65865
65866
65867
65868
65870
65871
65872
65873
65878
65879
65896
65897
66050
66124
66125
66516
66517
66540
66541
66543
66544
66590
66598
66599
66600
66602
66603
66604
66621
66623
66631
66632
66634
66636
66657
66658
66669
66675
67072
67074
67087
67088
67144
67145
67146
67147
67149
67150
67151
67152
67153
67154
67155
67156
67157
67158
67159
67160
67161
67162
67164
67165
67166
67208
67251
67303
67305
67306
67307
67308
67309
67310
67311
67313
67314
67317
67319
67321
67325
67383
67427
67921
68010
68011
68013
68042
68080
68348
68349
68492
68609
68837
68841
68844
68852
68857
68858
68874
68879
69179
69610
69611
69768
69769
69830
69835
70231
70233
70254
70255
70256
70257
70258
70259
70261
70262
70381
70382
70383
70384
70385
70386
70387
70518
70669
70674
70675
70676
70677
70680
70712
70713
70725
70727
70752
70764
70801
70802
70803
70804
70886
70887
70893
70895
70896
70907
71124
71541
71543
71545
71547
71642
71643
71644
71645
71646
71647
71648
71649
71650
71651
71652
71653
71654
71655
71656
71657
71659
71693
71694
72587
72588
72605
72606
72608
72610
72825
73116
73117
73118
73120
73151
73428
73431
73432
73433
73437
73631
73632
73676
73678
73679
73680
73682
73695
73696
73697
73698
73699
73700
73701
73702
73703
73704
73705
73706
73730
73734
73735
73737
73738
73739
73743
73744
73746
73747
73748
73749
73750
73756
73757
73758
73759
73760
73762
73765
73766
73767
73769
73770
73773
73775
73778
73782
73841
74099
74100
74101
74103
74104
74105
74106
74303
74670
74807
74816
75009
75188
75189
75299
75381
75394
75453
75461
75462
75601
75609
75740
75741
75742
75900
76128
76131
76256
76400
76433
76435
76440
76443
76444
76445
76446
76447
76479
76865
77157
77673
77674
77675
77678
77679
77680
77681
77682
77683
77726
77872
77894
77901
77960
77961
77962
77963
77964
77969
77971
77972
77973
77975
77977
77980
77989
77990
77992
77998
78000
78002
78003
78005
78006
78007
78038
78039
78041
78042
78043
78044
78045
78046
78047
78048
78050
78052
78053
78054
78055
78056
78057
78058
78060
78061
78063
78065
78066
78067
78070
78071
78095
78121
78122
78186
78192
78199
78230
78526
78527
78619
78745
78794
78797
78962
78969
78978
79174
79205
79232
79534
80292
80295
80559
80560
80597
80601
80660
80683
80695
80731
80732
80738
80739
80740
80741
80742
80743
80744
80745
80746
80747
80748
80749
80750
80751
80752
80753
80754
80755
80758
80759
80785
80799
80811
80830
81345
81346
81347
81348
81349
81350
81351
81352
81353
81354
81355
81356
81357
81358
81360
81362
81363
81364
81366
81367
81368
81369
81386
81713
81740
81829
81908
81909
81910
81967
81968
81970
81971
81972
81973
81974
81978
82045
82051
82139
82166
82407
82408
82409
82410
82412
82413
82414
82415
82416
82420
82422
82426
82427
82428
82429
82430
82431
82432
82433
82434
82442
82767
82877
82885
82949
82957
82964
82992
82993
82996
82997
82998
82999
83000
83001
83002
83003
83009
83010
83011
83012
83013
83014
83015
83017
83018
83019
83020
83021
83026
83028
83032
83034
83035
83036
83037
83038
83039
83040
83041
83042
83043
83044
83045
83046
83047
83048
83049
83050
83051
83052
83053
83054
83057
83060
83061
83062
83063
83064
83066
83068
83071
83075
83076
83078
83080
83102
83103
83104
83119
83126
83144
83146
83159
83171
83175
83176
83178
83179
83181
83183
83185
83188
83192
83193
83194
83195
83196
83197
83199
83200
83201
83202
83246
83247
83248
83249
83250
83251
83252
83253
83256
83261
83263
83272
83273
83274
83275
83276
83280
83281
83282
83283
83284
83285
83286
83287
83288
83289
83290
83292
83293
83294
83295
83296
83297
83298
83388
83395
83558
83620
83636
83771
83846
83847
84043
84056
84473
84475
84478
84483
84522
84534
84543
84579
84580
84722
84724
84749
84750
84764
84769
84775
84780
84931
84952
84953
84955
84995
84996
85011
85012
85061
85066
85067
85078
85083
85084
85098
85100
85113
85275
85276
85300
85301
85348
85548
85636
85643
85659
85685
85697
86664
86665
86668
86669
86670
86672
86676
86677
86678
86679
86680
86681
86683
86684
86685
86686
86687
86688
86689
86690
86691
86692
86693
86694
86700
86703
86706
86707
86708
86709
86710
86711
86715
86716
86717
86720
86721
86882
86894
86895
86896
86897
86898
86900
86903
86907
86908
86909
86910
87390
87496
87514
87515
87516
87517
87519
87562
87572
87633
87682
87684
87685
87686
87687
87689
87691
87713
87714
87758
87759
87760
87761
87762
87763
87772
87775
87776
87777
87778
87779
87780
87782
87785
87786
87787
87788
87790
87792
87793
87794
87795
87796
87797
87798
87799
87800
87801
87802
87803
87804
87805
87806
87807
87808
87809
87810
87811
87812
87813
87815
87816
87817
87818
87819
87820
87821
87824
87825
87826
87827
87828
87829
87830
87831
87832
87834
87835
87836
87837
87838
87839
87840
87841
87842
87843
87844
87845
87851
87852
87854
87855
87856
87857
87858
87860
87870
87873
87874
87875
87876
87913
87935
88010
88171
88192
88193
88194
88199
88201
88203
88217
88218
88219
88220
88221
88222
88599
88600
88601
88602
88603
88604
88605
88619
88625
88626
88630
88631
88633
88635
88638
88639
88640
88651
88680
88688
88689
88690
88781
88782
88784
88854
88855
88856
88857
88858
88859
88862
88991
89001
89002
89003
89005
89014
89015
89016
89017
89018
89019
89020
89021
89022
89024
89025
89026
89027
89028
89029
89030
89031
89032
89033
89034
89035
89036
89037
89038
89040
89041
89042
89043
89044
89045
89046
89047
89049
89050
89051
89052
89053
89054
89055
89057
89058
89059
89060
89061
89062
89063
89064
89065
89066
89067
89068
89069
89070
89071
89072
89073
89074
89076
89077
89078
89079
89081
89082
89083
89084
89085
89088
89089
89090
89091
89092
89094
89095
89096
89097
89098
89099
89100
89101
89102
89103
89104
89105
89107
89110
89111
89112
89118
89119
89120
89121
89144
89145
89155
89156
89157
89158
89230
89231
89233
89235
89236
89238
89241
89275
89277
89368
89369
89370
89373
89374
89375
89376
89695
89699
89702
89792
89793
89794
89796
89797
89798
89837
89839
89841
89855
89856
89859
89929
89944
89954
90068
90069
90228
90246
90415
90416
90459
90470
90471
90509
90513
90514
90515
90516
90517
90519
90579
91380
91383
91843
91844
91845
91846
91847
92023
92028
92056
92130
92432
92457
92765
92790
92793
93008
93009
93010
93011
93012
93013
93283
93371
93372
93373
93375
93376
93377
93640
93907
93920
93928
93930
93931
93950
93958
93959
93965
93968
93987
93988
93989
93994
94006
94016
94018
94019
94027
94037
94038
94039
94042
94046
94049
94050
94053
94054
94055
94056
94057
94058
94059
94060
94208
94215
94238
94488
94607
94720
94723
94761
94919
94923
95037
95052
95269
95383
95627
95807
95808
95809
95810
95811
95812
95852
96003
96005
96009
96010
96011
96013
96014
96015
96016
96017
96018
96019
96021
96023
96024
96026
96027
96028
96029
96030
96031
96032
96898
96899
96900
96901
96903
97331
97355
97419
97454
97455
97456
97457
97503
97504
97505
97535
97559
97573
97743
97745
97746
97747
97748
97749
97750
97751
97762
97767
97768
97769
97826
97828
97829
97830
97831
97836
97838
97849
97850
97851
97909
97962
98002
98010
98012
98015
98017
98079
98092
98097
98098
98102
98112
98129
98130
98134
98135
98136
98145
98146
98149
98151
98152
98153
98161
98167
98168
98171
98172
98174
98175
98176
98177
98178
98179
98180
98181
98182
98186
98192
98193
98194
98196
98197
98211
98215
98222
98240
98241
98242
98243
98244
98245
98248
98254
98259
98260
98261
98262
98263
98264
98265
98266
98268
98269
98270
98271
98272
98273
98275
98276
98277
98278
98281
98282
98283
98284
98285
98348
98355
98453
98455
98508
98509
98513
98514
98516
98517
98522
98525
98542
98547
98710
98738
98798
98799
98803
98804
98805
98890
98891
98893
99251
99253
99254
99255
99256
99257
99258
99259
99260
99261
99262
99263
99264
99265
99266
99267
99268
99269
99296
99297
99298
99299
99301
99302
99303
99304
99305
99306
99313
99316
99317
99318
99319
99355
99362
99363
99364
99365
99366
99369
99372
99374
99375
99377
99471
99501
99723
99724
99725
99798
99806
