100002
100006
100011
100013
100021
100022
100023
100024
100026
100034
100082
100091
100094
100096
100097
100100
100103
100104
100112
100120
100125
100210
100211
100250
100269
100273
100294
100298
100768
101092
101093
101094
101095
101101
101102
101103
101104
101105
101106
101107
101108
101109
101110
101111
101112
101113
101114
101115
101116
101117
101118
101119
101120
101121
101122
101123
101124
101125
101126
101127
101128
101129
101158
101186
101193
101252
101253
101261
101265
101282
101286
101293
101336
101337
101344
101345
101346
101355
101374
101380
101385
101392
101395
101396
101405
101406
101429
101471
101491
101516
101987
102248
102251
102252
102253
102254
102255
102256
102257
102258
102259
102260
102261
102262
102263
102264
102265
102266
102561
102564
102566
102568
102569
102571
102572
102755
102756
102757
102758
102759
102761
102803
102981
103074
103165
103431
104518
104606
104736
104740
104993
105000
105001
105002
105003
105004
105006
105023
105045
105046
105051
105057
105060
105105
105107
105270
105271
105308
105309
105673
105676
105678
105679
105762
105777
106126
106346
106347
106362
106409
106673
106740
106788
106802
106803
107282
107283
107285
107286
107287
107288
107289
107291
107302
107318
107321
107335
107337
107827
107841
107842
107992
108085
108099
108103
108152
108153
108179
108187
108188
108189
108233
108234
108242
108294
108302
108338
108340
108475
109755
109756
109757
109758
109759
109760
109763
109765
109768
110019
110020
110022
110023
110024
110028
110035
110036
110037
110038
110068
110077
110078
110080
110082
110083
110084
110250
110251
110586
110587
110588
110727
110728
110729
110734
112661
112662
112663
112664
112938
114856
114862
114891
114892
114896
116202
116204
116205
116207
116209
116228
116301
118756
118757
118758
118759
118760
118761
118762
118763
118764
118765
119169
120194
121048
121157
121540
121641
121822
121830
121856
121880
121888
121890
121894
121959
121972
122003
122037
122069
122072
122077
122078
122079
122084
122369
122370
122372
122426
122436
122438
122514
122587
122602
122652
122726
122727
122743
122748
122759
122914
122916
123355
123456
123889
124749
126037
126038
126040
126043
126044
126046
126047
126048
126049
126050
126051
126068
126069
126070
126071
126072
126077
126172
126174
126176
126177
126178
126179
128474
128475
128476
128477
128478
128479
128482
128483
128484
128485
128488
128489
128490
128529
128534
128535
128536
128537
128538
128539
128540
128541
128542
128543
128544
128546
128547
128548
128549
128550
128551
128552
128553
128554
128635
128749
129744
129947
130521
130537
130544
130549
130662
130665
130667
131066
131067
131068
131069
131071
131072
131075
131076
131077
131078
131079
131080
131081
131082
131083
131084
131085
131086
131087
131088
131090
131091
131093
131163
131237
131243
131287
131288
131319
131455
131718
131729
131887
131888
131890
132056
132546
132547
132548
132578
132604
132723
132724
132839
132843
132845
132856
132865
132868
132880
132884
132886
132888
132896
133131
133132
133505
133510
133533
133546
133555
133576
133580
133640
133641
133647
52088
61949
65285
68195
68339
70908
72099
72218
72221
72319
72321
72418
72464
72504
72546
72930
72963
72974
72980
73119
73130
73152
73232
73239
73240
73275
73651
73802
73842
73850
73862
73875
73878
73887
74111
74116
74665
74667
74668
74669
75006
75301
75302
75303
75304
75319
75320
75384
75385
75386
75388
75389
75390
75486
75603
75604
75605
75633
75649
75762
75901
75911
75912
75916
75917
75925
75926
75967
75968
75969
75970
75976
76155
76158
76159
76160
76161
76162
76163
76166
76169
76170
76171
76172
76174
76175
76176
76177
76178
76179
76180
76181
76182
76183
76184
76185
76186
76187
76188
76193
76197
76227
76315
76339
76398
76469
76561
76562
76577
76604
76605
76606
76629
76658
76705
76843
76860
76924
76925
76931
76932
76933
76934
76935
76937
76938
76939
76940
76946
76957
76958
76959
76962
76963
76971
76982
76987
76994
77004
77005
77009
77023
77025
77050
77061
77073
77105
77393
77465
77653
77699
77700
77709
77710
77717
77719
77720
77721
77722
77725
77727
77729
77730
77732
77733
77734
77735
77736
77737
77738
77739
77740
77741
77743
77744
77745
77749
77750
77751
77752
77755
77757
77759
77761
77762
77769
77771
77773
77774
77775
77777
77779
77780
77785
77792
77793
77794
77796
77797
77801
77839
77915
77917
77922
78064
78090
78096
78168
78179
78187
78188
78189
78190
78191
78193
78195
78196
78202
78203
78206
78209
78210
78213
78215
78217
78218
78219
78220
78221
78222
78223
78224
78225
78227
78229
78231
78237
78238
78240
78242
78243
78245
78250
78251
78252
78362
78369
78372
78384
78386
78389
78390
78392
78397
78407
78454
78505
78506
78507
78509
78510
78511
78512
78513
78514
78515
78516
78517
78518
78519
78520
78521
78522
78523
78674
78675
78676
78677
78678
78681
78682
78685
78686
78687
78694
78695
78749
78750
78751
78752
78753
79069
79070
79071
79160
79161
79162
79166
79178
79179
79180
79181
79259
79260
79265
79266
79269
79276
79304
79305
79306
79307
79308
79309
79312
79313
79314
79315
79316
79317
79320
79321
79322
79323
79328
79332
79333
79334
79346
79348
79350
79390
79410
79412
79413
79415
79417
79420
79544
79928
79930
79932
79933
79934
79936
79937
79938
79939
79940
79942
80321
80322
80323
80324
80326
80327
80328
80329
80330
80331
80332
80333
80334
80335
80336
80337
80338
80342
80358
80374
80384
80385
80403
80408
80409
80411
80436
80437
80494
80498
80506
80507
80508
80509
80521
80532
80533
80534
80553
80572
80573
80574
80575
80576
80577
80578
80579
80582
80586
80592
80593
80594
80595
80596
80598
80599
80600
80611
80612
80613
80614
80616
80617
80619
80621
80623
80624
80625
80626
80627
80628
80629
80630
80631
80632
80633
80634
80635
80636
80637
80638
80639
80640
80641
80642
80643
80644
80645
80646
80647
80648
80649
80650
80651
80652
80653
80654
80655
80656
80681
80682
80685
80688
80690
80691
80692
80693
80696
80733
80734
80735
80736
80757
80760
80761
80763
80764
80765
80767
80768
80769
80786
80787
80789
80790
80791
80812
80815
80816
80817
80860
80861
80867
80869
80878
80879
80880
80897
80899
80901
81006
81009
81011
81016
81017
81018
81019
81020
81021
81026
81027
81028
81029
81030
81031
81040
81041
81107
81109
81110
81111
81119
81120
81122
81146
81172
81200
81201
81202
81339
81387
81388
81407
81408
81409
81411
81412
81413
81415
81416
81417
81418
81420
81421
81423
81424
81426
81427
81428
81430
81433
81442
81481
81714
81716
81726
81727
81733
81757
81758
81759
81929
81945
81954
81955
81956
81957
81958
81959
81960
81963
81980
81989
82015
82016
82018
82020
82028
82034
82035
82059
82112
82443
82444
82445
82446
82447
82448
82449
82450
82451
82452
82460
82461
82462
82463
82464
82465
82466
82467
82468
82469
82470
82471
82472
82473
82474
82475
82477
82523
82524
82528
82532
82936
82937
82938
82941
82942
82943
82944
82950
82953
82954
82984
82985
82986
82987
82988
83320
83326
83331
83473
83501
83537
83540
83543
83545
83546
83547
83931
84235
84239
84246
84274
84280
84281
84283
84320
84339
84355
84361
84424
84465
84466
84467
84468
84469
84535
84536
84538
84785
84794
85215
85217
85231
85279
85500
86228
86234
86246
86247
86248
86251
86252
86253
86271
86272
86398
86399
86400
86405
86407
86408
86434
86435
86537
86697
86744
86772
86890
86899
87062
87098
87406
87420
87429
87430
87557
87559
87598
87656
87657
87661
87674
87690
87704
87707
87722
87741
87753
87771
87774
87814
87978
87993
87994
87995
88059
88063
88788
88810
88811
88813
88814
88815
88816
88817
88818
88819
88820
88821
88822
88823
88824
88826
88828
88830
88831
88832
88927
88928
88929
88935
88936
88937
88938
88962
88963
88995
88996
88997
88998
89252
89354
89467
89645
89671
89812
89813
89814
89815
89816
89937
89965
90059
90210
90412
90434
90435
90436
90472
90490
90492
90497
90545
90715
90766
91136
91384
92032
92106
92131
92172
92766
92961
93058
93063
93087
93321
93322
93323
93324
93325
93326
93327
93332
93333
93394
93395
93406
93456
93490
93738
93909
93963
93964
93967
93969
93970
93971
93973
93975
94455
94459
94460
94461
94548
94560
94853
94855
94871
94872
94873
94892
94895
95179
95180
95181
95191
95216
95217
95218
95219
95228
95229
95245
95246
95247
95248
95249
95250
95251
95252
95253
95254
95255
95256
95270
95271
95272
95273
95274
95290
95303
95305
95318
95323
95324
95325
95597
95617
95620
95621
95632
95670
95681
95682
95687
95813
95814
95815
95834
95906
95909
95910
95911
95912
95933
95942
95943
95944
95945
95946
95947
95948
95952
95956
96034
96035
96036
96043
96044
96045
96048
96050
96131
96132
96133
96135
96187
96191
96192
96194
96196
96197
96199
96200
96206
96207
96208
96218
96219
96222
96224
96225
96226
96227
96233
96265
96267
96269
96270
96271
96272
96273
96300
96306
96308
96309
96310
96311
96312
96318
96319
96320
96450
96451
96677
96678
96679
96680
96681
96682
96684
96686
96687
96754
96756
96757
96759
96760
96763
96764
96767
96768
96769
96770
96771
96773
96777
96783
96788
96790
96791
96792
96853
96861
96862
96863
96865
96866
96867
96868
96869
97211
97231
97236
97241
97247
97249
97250
97251
97253
97254
97280
97282
97283
97297
97299
97300
97307
97317
97322
97323
97338
97340
97341
97343
97375
97376
97377
97380
97381
97382
97383
97384
97398
97403
97406
97437
97441
97506
97507
97508
97509
97512
97514
97515
97521
97526
97530
97531
97533
97536
97537
97539
97549
97553
97555
97556
97557
97560
97561
97563
97564
97565
97567
97568
97570
97571
97572
97574
97575
97579
97580
97581
97582
97708
97709
97710
97711
97715
97738
97888
98154
98155
98156
98157
98383
98384
98385
98413
98414
98439
98441
98442
98443
98444
98445
98446
98447
98448
98449
98450
98452
98454
98456
98458
98459
98460
98461
98462
98463
98466
98467
98469
98475
98477
98479
98497
98499
98500
98506
98507
98520
98526
98527
98529
98532
98534
98536
98537
98538
98540
98743
98744
98745
99245
99246
99247
99248
99249
99250
99409
99410
99411
99435
99468
99469
99470
99480
99481
99488
99489
99493
99496
99497
99500
99505
99506
99507
99508
99509
99510
99526
99527
99529
99531
99532
99533
99534
99535
99543
99545
99546
99557
99558
99664
99665
99667
99671
99858
99859
99862
99863
99866
99867
99870
99871
99885
99896
99897
99898
99899
99900
99901
99902
99903
99908
99913
99922
99932
99934
99990
99994
99995
99996
99997
