100764
101089
102099
102310
102556
102677
103217
103219
103220
103221
103222
103223
103224
103225
103227
103571
103573
103584
103585
103587
103590
103591
103592
103593
103594
103595
103596
103598
103599
103600
103601
103602
103603
103604
103605
103606
103607
103608
103611
103612
103613
103614
103616
103619
103620
103623
103624
103625
103626
103627
103628
103629
103630
103636
103637
103638
103639
103640
103641
103642
103643
103644
103645
103646
103647
103648
103653
103654
103655
103656
103657
103658
103659
103660
103661
103662
103663
103664
103665
103667
103668
103669
103670
103671
103698
103699
105085
105086
105087
105088
105089
105090
105091
105651
105652
105653
105654
105655
105771
105999
106002
106029
106060
106063
106064
106288
106519
106530
106532
106534
106539
106541
106543
106569
106592
106595
106597
106607
106608
106609
106624
106744
106745
106746
106747
106748
106752
106753
106783
106784
106785
106972
106973
106978
107215
107374
107383
107384
107388
107391
107800
107823
108185
108196
108202
108568
109244
109251
109252
109258
109259
109260
109262
109263
109264
109267
109274
109275
109353
109367
109370
109396
109397
109399
109407
109409
109611
109613
109715
109716
109795
109807
109815
109816
109824
110217
110260
110262
110495
110555
110559
110561
110562
110564
110565
110573
110574
110575
110653
110654
110655
111057
111262
111510
111513
111519
111520
111521
111522
111523
111525
111526
111527
111528
111530
111531
111533
111537
111538
111539
111577
111578
111579
111580
111581
111617
111619
112084
112085
112578
112752
112753
112764
112765
112933
112946
112947
112948
112950
112959
112962
112963
112964
112965
112966
112967
112968
112969
112971
112972
112974
112975
112976
112977
112978
112979
112980
112981
112982
112983
112984
112985
112986
112987
113067
113100
113105
113191
113195
113301
113630
113669
113684
113685
113690
113727
113848
114082
114144
114790
114854
114857
114861
115903
115906
116150
116153
116154
116155
117252
117253
117565
117568
117569
117570
117571
117572
117573
117574
117575
117576
117577
117578
117579
117580
117583
117585
117586
117590
117592
117739
117740
117741
118156
118157
118158
118159
118184
118185
118193
118393
118394
118395
118396
118397
118398
118399
118400
118401
118402
118405
118406
118407
118408
118409
118410
118411
118412
118413
118490
118492
118493
118495
118506
118529
118603
118604
118605
118606
118614
118615
118616
118619
118620
118621
118622
118623
118624
118625
118626
118627
118628
118636
118638
118639
118696
118697
118845
118846
118847
118848
118941
118942
118998
118999
119006
119016
119017
119019
119068
119072
119085
119413
119414
119415
119416
119417
119418
119421
119426
119428
119429
119430
119431
119437
119438
119439
119536
119546
119587
119588
119590
119715
119875
119902
119903
119954
120257
120278
120281
120286
120541
120543
120599
120619
120620
120669
120670
120674
120675
120698
120966
121042
121073
122064
122065
122066
122076
122097
122098
122099
122100
122102
122103
122104
122110
122111
122114
122115
122120
122125
122144
122149
122150
122151
122152
122153
122154
122155
122156
122157
122435
122665
123540
124006
124007
124008
124009
124010
124011
124012
124013
124014
124015
124016
124017
124018
124019
124020
124021
124022
124023
124024
124025
124026
124027
124109
124111
125284
125286
125287
125288
125289
125290
125291
125292
125293
125294
125295
125296
125297
125298
125299
125300
125315
125316
125317
125318
125321
125322
125323
125325
125326
125327
125328
125329
125330
125331
125337
125338
125339
125340
125341
125342
125343
125344
125345
125346
125347
125348
125349
125350
125351
125352
125353
125354
125355
125356
125357
125358
125359
125360
125361
125362
125372
125379
125380
125517
125525
127270
127279
127284
127290
127298
127323
127324
127342
127343
127344
127345
127346
127347
127348
127349
127350
127351
127352
127353
127354
127356
127357
127358
127360
127361
127362
127363
127364
127365
127366
127367
127368
127369
127370
127374
127375
127376
127428
127430
127442
127465
127467
127481
127483
129734
129779
129780
129788
130518
130571
130573
130703
130717
131105
131109
131244
131246
131259
131266
131267
131278
131280
131466
131596
131927
132610
132661
132696
132698
132862
133393
133394
133395
133396
133397
133398
133399
133400
133401
133402
133403
133404
133405
133406
133407
133408
133409
133410
133411
133412
133413
133414
133415
133416
133417
133429
133431
133432
133434
133523
133585
133586
66155
66157
66158
66161
66180
66181
66182
66213
66214
66220
66224
66225
66232
66233
66234
66235
66442
66443
66460
66465
66467
66468
66502
66506
66507
66509
66521
66525
67143
67353
67356
67357
67478
67479
67480
67611
68021
68323
68326
68327
68328
68329
68342
68343
68355
68444
68449
68452
68453
68454
68477
68491
68494
68507
68514
68538
68540
68545
68546
68547
68548
68552
68554
68555
68556
68557
68558
68559
68560
68562
68563
68596
68598
68599
68625
68627
68628
68630
68632
68633
68641
68789
68873
68902
69253
69704
69725
69726
69727
69728
69770
69771
69775
69776
69800
69806
70312
70315
70316
70319
70320
70328
70329
70528
70555
70561
70732
70734
70737
70775
70778
70782
70784
70788
70790
70791
70795
70817
70819
71097
71134
72200
72202
72204
72604
72800
72828
72859
72993
73235
73288
73640
73805
73807
73809
73810
73811
73820
73821
73822
74130
74131
74133
74136
74544
74548
74672
74673
74674
74680
74681
74682
74683
74685
74686
74687
75007
75008
75041
75071
75072
75305
75345
75350
75369
75371
75375
75377
75378
75400
75402
75403
75404
75405
75406
75407
75408
75409
75410
75413
75414
75415
75416
75434
75489
75536
75597
75618
75620
75622
75623
75628
75629
75630
75631
75632
75743
75744
75745
75746
75747
75748
75749
75750
75751
75752
75902
75906
76401
76411
76457
76458
76459
76837
76859
76923
77931
78094
78314
78328
78331
78333
78337
78338
78340
78539
78540
78541
78542
79050
79080
79099
79100
79101
79102
79103
79104
79105
79106
79107
79108
79110
79112
79113
79114
79115
79116
79118
79121
79122
79123
79124
79125
79127
79128
79130
79131
79132
79134
79138
79156
79234
79250
79252
79254
79257
79535
79536
79537
79538
79541
79553
79554
79555
79557
79558
79559
79560
79561
79562
79563
79564
79565
79851
79852
79872
79873
79874
79875
79876
79878
79879
79880
79881
79882
79883
79884
79885
79886
79887
79888
79889
79890
79891
79893
79895
79900
79901
79902
79903
79904
79906
79908
79909
80296
80297
80298
80299
80300
80301
80302
80303
80304
80305
80306
80309
80310
80311
80312
80348
80350
80352
80353
80357
80382
80393
80399
80401
80402
80404
80421
80543
80554
81162
81255
81370
81395
81405
81436
81712
81906
82144
82167
82435
84449
84450
84486
84489
84493
84496
84498
84513
84514
84515
84516
84517
84518
84519
84525
84526
84527
84528
84529
84530
84531
84533
84546
84557
84575
84597
84609
84626
85450
85451
85452
85453
85454
85455
85457
85463
85465
85473
85497
85498
85588
85601
85649
85650
85652
85653
85654
85655
85656
85657
85666
85667
85727
85728
85802
85830
85862
86260
86261
86262
86263
86264
86265
86266
86277
86289
86294
86334
86342
86368
86369
86370
86373
86374
86375
86376
86377
86378
86379
86380
86381
86382
86383
86384
86386
86388
86389
86390
86391
86392
86404
86441
86442
86443
86444
86445
86456
86468
86626
86660
86718
86722
86725
86775
86923
86925
86939
87034
87036
87037
87393
87404
87405
87409
87413
87414
87415
87416
87417
87418
87419
87625
87626
87679
87697
87705
88030
88031
88032
88033
88157
88169
88225
88787
89306
89823
90581
90582
90583
90584
90585
90586
90587
90691
90692
90693
90695
90989
91137
91143
91146
91150
91192
91193
91227
91270
91274
91276
91277
91278
91279
91281
91283
91289
91290
91291
91292
91293
91294
91400
91404
91405
91409
91413
91728
91729
91730
91731
91732
91739
92511
92512
92513
92514
92515
92516
92517
92518
92519
92520
92521
92522
92523
92524
92525
92526
92527
92528
92531
92533
92535
92536
92537
92538
92539
92542
92545
92546
92547
92548
92550
92552
92553
92554
92555
92560
92586
92619
92624
92631
92636
92637
92657
92659
92676
92714
92715
92716
92727
92837
93308
93310
93311
93312
93313
93314
93316
93508
93509
93520
93521
93529
93530
93643
93644
93646
93647
93688
93690
93695
93696
93700
93701
93702
93703
93705
93707
93714
93870
93871
93886
93926
93996
94103
94105
94125
94147
94171
94172
94186
94192
94200
94233
94339
94388
94471
94655
94684
94691
94715
94716
94717
94718
94778
94779
94784
94800
94801
94806
94811
94812
94814
94823
94963
94991
94994
94996
94997
94999
95000
95002
95003
95258
95259
95282
95284
95285
95332
95334
95338
95470
95474
95535
95591
95613
95643
95645
95647
95649
95650
95651
95652
95654
95655
95657
95668
95691
95697
95698
95699
95700
95701
95703
96143
96235
96240
96241
96277
96279
96280
96281
96283
96284
96285
96287
96290
96292
96296
96297
96299
96301
96317
96323
96362
96369
96374
96377
96431
96441
96447
96452
96453
96506
96605
96948
96958
97048
97379
97385
97447
97770
97839
97840
97841
97842
97843
97844
97845
97846
97847
97848
97852
97859
97860
97861
97862
97869
97897
97898
97954
97992
97994
97996
97997
99323
99344
99345
99351
99361
99707
99712
99713
99714
